n,      F(n),      G(n),      ATg_FG,      ATg_GF,      pi,      Delta,      Theta,      O_large 

20.0000000000        14654.2950973426     	 15120.6459854454    	 0.7697369146         0.8010594122         -0.0313224975        0.2058554227         -0.1432104277        0.1432104277        
20.1000000000        15666.9660197101     	 15866.0273010889    	 0.7790854536         0.7917108732         -0.0126254197        0.1871583449         -0.1619075055        0.1619075055        
20.2000000000        16749.8238849658     	 16648.1526358865    	 0.7884423878         0.7823539390         0.0060884488         0.1684444764         -0.1684444764        0.1806213740        
20.3000000000        17907.7453633450     	 17468.8333083072    	 0.7978043811         0.7729919457         0.0248124354         0.1497204898         -0.1497204898        0.1993453606        
20.4000000000        19145.9466832837     	 18329.9699268510    	 0.8071680872         0.7636282396         0.0435398475         0.1309930777         -0.1309930777        0.2180727727        
20.5000000000        20470.0073182635     	 19233.5567916539    	 0.8165301555         0.7542661713         0.0622639842         0.1122689410         -0.1122689410        0.2367969094        
20.6000000000        21885.8953286813     	 20181.6865130737    	 0.8258872375         0.7449090893         0.0809781483         0.0935547769         -0.0935547769        0.2555110735        
20.7000000000        23399.9944745502     	 21176.5548579513    	 0.8352359924         0.7355603344         0.0996756581         0.0748572671         -0.0748572671        0.2742085833        
20.8000000000        25019.1332229488     	 22220.4658347714    	 0.8445730931         0.7262232337         0.1183498594         0.0561830658         -0.0561830658        0.2928827846        
20.9000000000        26750.6157828200     	 23315.8370294993    	 0.8538952320         0.7169010948         0.1369941372         0.0375387880         -0.0375387880        0.3115270624        
21.0000000000        28602.2553090123     	 24465.2052044508    	 0.8631991269         0.7075971999         0.1556019271         0.0189309981         -0.0189309981        0.3301348523        
21.1000000000        30582.4094273995     	 25671.2321731620    	 0.8724815268         0.6983148000         0.1741667269         0.0003661983         -0.0003661983        0.3486996521        
21.2000000000        32700.0182435556     	 26936.7109648645    	 0.8817392171         0.6890571097         0.1926821075         -0.0181491823        0.0181491823         0.3672150327        
21.3000000000        34964.6450088497     	 28264.5722928413    	 0.8909690253         0.6798273015         0.2111417239         -0.0366087987        0.0366087987         0.3856746491        
21.4000000000        37386.5196300131     	 29657.8913416451    	 0.9001678260         0.6706285008         0.2295393252         -0.0550064000        0.0550064000         0.4040722504        
21.5000000000        39976.5852212709     	 31119.8948888962    	 0.9093325460         0.6614637808         0.2478687653         -0.0733358401        0.0733358401         0.4224016905        
21.6000000000        42746.5479120890     	 32653.9687781535    	 0.9184601693         0.6523361575         0.2661240118         -0.0915910866        0.0915910866         0.4406569370        
21.7000000000        45708.9301385243     	 34263.6657601655    	 0.9275477412         0.6432485856         0.2842991556         -0.1097662304        0.1097662304         0.4588320808        
21.8000000000        48877.1276621483     	 35952.7137206604    	 0.9365923732         0.6342039536         0.3023884196         -0.1278554944        0.1278554944         0.4769213448        
21.9000000000        52265.4705776246     	 37725.0243137301    	 0.9455912466         0.6252050802         0.3203861664         -0.1458532412        0.1458532412         0.4949190916        
22.0000000000        55889.2885883262     	 39584.7020208016    	 0.9545416166         0.6162547102         0.3382869064         -0.1637539812        0.1637539812         0.5128198316        
22.1000000000        59764.9808489719     	 41536.0536561764    	 0.9634408157         0.6073555111         0.3560853045         -0.1815523793        0.1815523793         0.5306182297        
22.2000000000        63910.0906952299     	 43583.5983411511    	 0.9722862569         0.5985100699         0.3737761869         -0.1992432617        0.1992432617         0.5483091121        
22.3000000000        68343.3856026765     	 45732.0779698175    	 0.9810754367         0.5897208901         0.3913545465         -0.2168216213        0.2168216213         0.5658874717        
22.4000000000        73084.9427415153     	 47986.4681907822    	 0.9898059377         0.5809903891         0.4088155486         -0.2342826234        0.2342826234         0.5833484738        
22.5000000000        78156.2405191625     	 50351.9899302344    	 0.9984754310         0.5723208958         0.4261545352         -0.2516216100        0.2516216100         0.6006874604        
22.6000000000        83580.2565303130     	 52834.1214830527    	 1.0070816782         0.5637146486         0.4433670297         -0.2688341045        0.2688341045         0.6178999549        
22.7000000000        89381.5723635409     	 55438.6111999481    	 1.0156225331         0.5551737937         0.4604487394         -0.2859158142        0.2859158142         0.6349816646        
22.8000000000        95586.4857449931     	 58171.4908000289    	 1.0240959432         0.5467003836         0.4773955596         -0.3028626344        0.3028626344         0.6519284848        
22.9000000000        102223.1305334557    	 61039.0893396157    	 1.0324999507         0.5382963761         0.4942035746         -0.3196706494        0.3196706494         0.6687364998        
23.0000000000        109321.6051171588    	 64048.0478696574    	 1.0408326936         0.5299636332         0.5108690605         -0.3363361353        0.3363361353         0.6854019857        
23.1000000000        116914.1098013105    	 67205.3348156939    	 1.0490924062         0.5217039205         0.5273884857         -0.3528555605        0.3528555605         0.7019214109        
23.2000000000        125035.0938166833    	 70518.2621159829    	 1.0572774194         0.5135189074         0.5437585119         -0.3692255867        0.3692255867         0.7182914371        
23.3000000000        133721.4126238183    	 73994.5021551653    	 1.0653861604         0.5054101663         0.5599759941         -0.3854430689        0.3854430689         0.7345089193        
23.4000000000        143012.4962347590    	 77642.1055326861    	 1.0734171534         0.4973791734         0.5760379799         -0.4015050547        0.4015050547         0.7505709051        
23.5000000000        152950.5293249014    	 81469.5197071198    	 1.0813690180         0.4894273088         0.5919417092         -0.4174087840        0.4174087840         0.7664746344        
23.6000000000        163580.6439617813    	 85485.6085595798    	 1.0892404695         0.4815558573         0.6076846122         -0.4331516870        0.4331516870         0.7822175374        
23.7000000000        174951.1258356659    	 89699.6729215166    	 1.0970303176         0.4737660092         0.6232643084         -0.4487313832        0.4487313832         0.7977972336        
23.8000000000        187113.6349389414    	 94121.4721144475    	 1.1047374652         0.4660588616         0.6386786037         -0.4641456785        0.4641456785         0.8132115289        
23.9000000000        200123.4417077790    	 98761.2465514989    	 1.1123609075         0.4584354193         0.6539254883         -0.4793925631        0.4793925631         0.8284584135        
24.0000000000        214039.6797107260    	 103629.7414531064   	 1.1198997302         0.4508965966         0.6690031336         -0.4944702084        0.4944702084         0.8435360588        
24.1000000000        228925.6160450325    	 108738.2317317935   	 1.1273531080         0.4434432188         0.6839098892         -0.5093769640        0.5093769640         0.8584428144        
24.2000000000        244848.9406830438    	 114098.5481036612   	 1.1347203030         0.4360760238         0.6986442793         -0.5241113541        0.5241113541         0.8731772045        
24.3000000000        261882.0760982394    	 119723.1044870583   	 1.1420006627         0.4287956641         0.7132049986         -0.5386720734        0.5386720734         0.8877379238        
24.4000000000        280102.5085938776    	 125624.9267518869   	 1.1491936178         0.4216027090         0.7275909089         -0.5530579837        0.5530579837         0.9021238341        
24.5000000000        299593.1428571558    	 131817.6828861208   	 1.1562986805         0.4144976463         0.7418010342         -0.5672681090        0.5672681090         0.9163339594        
24.6000000000        320442.6813687685    	 138315.7146494011   	 1.1633154419         0.4074808849         0.7558345569         -0.5813016317        0.5813016317         0.9303674821        
24.7000000000        342746.0304122394    	 145134.0707870149   	 1.1702435698         0.4005527569         0.7696908129         -0.5951578877        0.5951578877         0.9442237381        
24.8000000000        366604.7345499503    	 152288.5418811771   	 1.1770828067         0.3937135200         0.7833692867         -0.6088363615        0.6088363615         0.9579022119        
24.9000000000        392127.4415639512    	 159795.6969203264   	 1.1838329669         0.3869633599         0.7968696070         -0.6223366818        0.6223366818         0.9714025322        
25.0000000000        419430.4000000201    	 167672.9216711274   	 1.1904939341         0.3803023927         0.8101915414         -0.6356586162        0.6356586162         0.9847244666        
25.1000000000        448637.9916037021    	 175938.4589420432   	 1.1970656592         0.3737306676         0.8233349917         -0.6488020665        0.6488020665         0.9978679169        
25.2000000000        479883.3010978780    	 184611.4508317250   	 1.2035481577         0.3672481691         0.8362999885         -0.6617670633        0.6617670633         1.0108329137        
25.3000000000        513308.7259235513    	 193711.9830600616   	 1.2099415067         0.3608548201         0.8490866867         -0.6745537615        0.6745537615         1.0236196119        
25.4000000000        549066.6287497870    	 203261.1314845544   	 1.2162458432         0.3545504836         0.8616953596         -0.6871624344        0.6871624344         1.0362282848        
25.5000000000        587320.0357559327    	 213281.0109097449   	 1.2224613607         0.3483349661         0.8741263945         -0.6995934693        0.6995934693         1.0486593197        
25.6000000000        628243.3839003347    	 223794.8263027324   	 1.2285883071         0.3422080197         0.8863802874         -0.7118473622        0.7118473622         1.0609132126        
25.7000000000        672023.3206156778    	 234826.9265333917   	 1.2346269824         0.3361693444         0.8984576379         -0.7239247127        0.7239247127         1.0729905631        
25.8000000000        718859.5596128964    	 246402.8607637462   	 1.2405777355         0.3302185913         0.9103591443         -0.7358262191        0.7358262191         1.0848920695        
25.9000000000        768965.7967344350    	 258549.4376170899   	 1.2464409626         0.3243553642         0.9220855984         -0.7475526732        0.7475526732         1.0966185236        
26.0000000000        822570.6900746730    	 271294.7872638860   	 1.2522171041         0.3185792227         0.9336378813         -0.7591049561        0.7591049561         1.1081708065        
26.1000000000        879918.9088818625    	 284668.4265682278   	 1.2579066424         0.3128896844         0.9450169579         -0.7704840327        0.7704840327         1.1195498831        
26.2000000000        941272.2560733242    	 298701.3274457331   	 1.2635100997         0.3072862271         0.9562238726         -0.7816909474        0.7816909474         1.1307567978        
26.3000000000        1006910.8695353831   	 313425.9885911819   	 1.2690280357         0.3017682911         0.9672597446         -0.7927268194        0.7927268194         1.1417926698        
26.4000000000        1077134.5077431574   	 328876.5107420114   	 1.2744610451         0.2963352817         0.9781257634         -0.8035928382        0.8035928382         1.1526586886        
26.5000000000        1152263.9256245559   	 345088.6756519696   	 1.2798097556         0.2909865712         0.9888231845         -0.8142902593        0.8142902593         1.1633561097        
26.6000000000        1232642.3470094551   	 362100.0289578236   	 1.2850748259         0.2857215008         0.9993533251         -0.8248203999        0.8248203999         1.1738862503        
26.7000000000        1318637.0404509797   	 379949.9671310304   	 1.2902569434         0.2805393834         1.0097175599         -0.8351846347        0.8351846347         1.1842504851        
26.8000000000        1410641.0056831480   	 398679.8287157441   	 1.2953568220         0.2754395048         1.0199173172         -0.8453843920        0.8453843920         1.1944502424        
26.9000000000        1509074.7784900796   	 418332.9900644543   	 1.3003752007         0.2704211260         1.0299540747         -0.8554211495        0.8554211495         1.2044869999        
27.0000000000        1614388.3623088577   	 438954.9657929705   	 1.3053128415         0.2654834853         1.0398293562         -0.8652964310        0.8652964310         1.2143622814        
27.1000000000        1727063.2954735581   	 460593.5141873958   	 1.3101705271         0.2606257997         1.0495447274         -0.8750118022        0.8750118022         1.2240776526        
27.2000000000        1847614.8636345528   	 483298.7478071995   	 1.3149490599         0.2558472669         1.0591017931         -0.8845688679        0.8845688679         1.2336347183        
27.3000000000        1976594.4675579444   	 507123.2495405359   	 1.3196492599         0.2511470669         1.0685021929         -0.8939692677        0.8939692677         1.2430351181        
27.4000000000        2114592.1572279250   	 532122.1943805780   	 1.3242719628         0.2465243640         1.0777475989         -0.9032146737        0.9032146737         1.2522805241        
27.5000000000        2262239.3439433840   	 558353.4772048907   	 1.3288180192         0.2419783076         1.0868397117         -0.9123067865        0.9123067865         1.2613726369        
27.6000000000        2420211.7029226772   	 585877.8468537626   	 1.3332882924         0.2375080344         1.0957802581         -0.9212473329        0.9212473329         1.2703131833        
27.7000000000        2589232.2798110549   	 614759.0468180114   	 1.3376836573         0.2331126695         1.1045709878         -0.9300380626        0.9300380626         1.2791039130        
27.8000000000        2770074.8154277625   	 645063.9628620785   	 1.3420049988         0.2287913280         1.1132136708         -0.9386807456        0.9386807456         1.2877465960        
27.9000000000        2963567.3040987905   	 676862.7779242917   	 1.3462532108         0.2245431160         1.1217100949         -0.9471771697        0.9471771697         1.2962430201        
28.0000000000        3170595.8020012309   	 710229.1346530312   	 1.3504291948         0.2203671320         1.1300620628         -0.9555291376        0.9555291376         1.3045949880        
28.1000000000        3392108.5031012385   	 745240.3059552115   	 1.3545338584         0.2162624684         1.1382713901         -0.9637384649        0.9637384649         1.3128043153        
28.2000000000        3629120.1015051035   	 781977.3739520542   	 1.3585681149         0.2122282119         1.1463399029         -0.9718069777        0.9718069777         1.3208728281        
28.3000000000        3882716.4603675487   	 820525.4177565926   	 1.3625328812         0.2082634456         1.1542694356         -0.9797365105        0.9797365105         1.3288023608        
28.4000000000        4154059.6089193574   	 860973.7105077811   	 1.3664290779         0.2043672489         1.1620618290         -0.9875289038        0.9875289038         1.3365947542        
28.5000000000        4444393.0906942356   	 903415.9261175194   	 1.3702576274         0.2005386994         1.1697189280         -0.9951860028        0.9951860028         1.3442518532        
28.6000000000        4755047.6876596063   	 947950.3562093944   	 1.3740194535         0.1967768733         1.1772425802         -1.0027096550        1.0027096550         1.3517755054        
28.7000000000        5087447.5466952510   	 994680.1377515494   	 1.3777154803         0.1930808465         1.1846346339         -1.0101017087        1.0101017087         1.3591675591        
28.8000000000        5443116.7367254738   	 1043713.4919108502  	 1.3813466316         0.1894496952         1.1918969365         -1.0173640113        1.0173640113         1.3664298617        
28.9000000000        5823686.2668034062   	 1095163.9746815115  	 1.3849138298         0.1858824969         1.1990313329         -1.0244984077        1.0244984077         1.3735642581        
29.0000000000        6230901.5975794289   	 1149150.7398686125  	 1.3884179956         0.1823783312         1.2060396643         -1.0315067391        1.0315067391         1.3805725895        
29.1000000000        6666630.6808693632   	 1205798.8150355406  	 1.3918600467         0.1789362801         1.2129237665         -1.0383908413        1.0383908413         1.3874566917        
29.2000000000        7132872.5644826740   	 1265239.3910544324  	 1.3952408978         0.1755554290         1.2196854689         -1.0451525437        1.0451525437         1.3942183941        
29.3000000000        7631766.6020878470   	 1327610.1259301761  	 1.3985614598         0.1722348669         1.2263265929         -1.0517936677        1.0517936677         1.4008595181        
29.4000000000        8165602.3106933031   	 1393055.4636015997  	 1.4018226390         0.1689736878         1.2328489513         -1.0583160261        1.0583160261         1.4073818765        
29.5000000000        8736829.9213210139   	 1461726.9684581563  	 1.4050253368         0.1657709900         1.2392543468         -1.0647214216        1.0647214216         1.4137872720        
29.6000000000        9348071.6716599707   	 1533783.6763468108  	 1.4081704491         0.1626258777         1.2455445714         -1.0710116462        1.0710116462         1.4200774966        
29.7000000000        10002133.8929229750  	 1609392.4628820179  	 1.4112588660         0.1595374608         1.2517214051         -1.0771884799        1.0771884799         1.4262543303        
29.8000000000        10702019.9468087630  	 1688728.4299117671  	 1.4142914711         0.1565048557         1.2577866153         -1.0832536901        1.0832536901         1.4323195405        
29.9000000000        11450944.0724091850  	 1771975.3110346980  	 1.4172691414         0.1535271854         1.2637419561         -1.0892090309        1.0892090309         1.4382748813        
30.0000000000        12252346.2071166360  	 1859325.8971074277  	 1.4201927470         0.1506035798         1.2695891672         -1.0950562420        1.0950562420         1.4441220924        
30.1000000000        13109907.8500994070  	 1950982.4827275181  	 1.4230631502         0.1477331766         1.2753299737         -1.1007970485        1.1007970485         1.4498628989        
30.2000000000        14027569.0417432600  	 2047157.3347260859  	 1.4258812060         0.1449151208         1.2809660851         -1.1064331599        1.1064331599         1.4554990103        
30.3000000000        15009546.5376287490  	 2148073.1837550397  	 1.4286477610         0.1421485658         1.2864991952         -1.1119662700        1.1119662700         1.4610321204        
30.4000000000        16060353.2611496450  	 2253963.7401074036  	 1.4313636539         0.1394326729         1.2919309809         -1.1173980557        1.1173980557         1.4664639061        
30.5000000000        17184819.1248038260  	 2365074.2349653132  	 1.4340297147         0.1367666121         1.2972631025         -1.1227301773        1.1227301773         1.4717960277        
30.6000000000        18388113.3165319900  	 2481661.9883291568  	 1.4366467648         0.1341495620         1.3024972028         -1.1279642776        1.1279642776         1.4770301280        
30.7000000000        19675768.1542707680  	 2603997.0049431231  	 1.4392156168         0.1315807100         1.3076349067         -1.1331019815        1.1331019815         1.4821678319        
30.8000000000        21053704.6191569340  	 2732362.5995972580  	 1.4417370741         0.1290592527         1.3126778213         -1.1381448961        1.1381448961         1.4872107465        
30.9000000000        22528259.6856022510  	 2867056.0532541610  	 1.4442119310         0.1265843958         1.3176275352         -1.1430946100        1.1430946100         1.4921604604        
31.0000000000        24106215.5747900750  	 3008389.3015198391  	 1.4466409725         0.1241553543         1.3224856182         -1.1479526930        1.1479526930         1.4970185434        
31.1000000000        25794831.0670640650  	 3156689.6570531460  	 1.4490249741         0.1217713526         1.3272536215         -1.1527206963        1.1527206963         1.5017865467        
31.2000000000        27601875.0182276590  	 3312300.5675868299  	 1.4513647019         0.1194316248         1.3319330771         -1.1574001519        1.1574001519         1.5064660023        
31.3000000000        29535662.2349945050  	 3475582.4113156782  	 1.4536609123         0.1171354145         1.3365254978         -1.1619925726        1.1619925726         1.5110584230        
31.4000000000        31605091.8757728150  	 3646913.3314938042  	 1.4559143519         0.1148819749         1.3410323771         -1.1664994519        1.1664994519         1.5155653023        
31.5000000000        33819688.5546809430  	 3826690.1121739033  	 1.4581257578         0.1126705690         1.3454551889         -1.1709222637        1.1709222637         1.5199881141        
31.6000000000        36189646.3392323030  	 4015329.0971166035  	 1.4602958572         0.1105004696         1.3497953876         -1.1752624624        1.1752624624         1.5243283128        
31.7000000000        38725875.8455530630  	 4213267.1539980024  	 1.4624253674         0.1083709594         1.3540544081         -1.1795214829        1.1795214829         1.5285873333        
31.8000000000        41440054.6493686290  	 4420962.6861483939  	 1.4645149962         0.1062813306         1.3582336655         -1.1837007403        1.1837007403         1.5327665907        
31.9000000000        44344681.2463809920  	 4638896.6941652643  	 1.4665654411         0.1042308857         1.3623345554         -1.1878016302        1.1878016302         1.5368674806        
32.0000000000        47453132.8121312480  	 4867573.8898591325  	 1.4685773901         0.1022189367         1.3663584535         -1.1918255283        1.1918255283         1.5408913787        
32.1000000000        50779727.0290752050  	 5107523.8651120253  	 1.4705515214         0.1002448054         1.3703067160         -1.1957737908        1.1957737908         1.5448396412        
32.2000000000        54339788.2674780710  	 5359302.3183555277  	 1.4724885032         0.0983078236         1.3741806796         -1.1996477544        1.1996477544         1.5487136048        
32.3000000000        58149718.4269446510  	 5623492.3415088058  	 1.4743889940         0.0964073328         1.3779816612         -1.2034487360        1.2034487360         1.5525145864        
32.4000000000        62227072.7670369370  	 5900705.7703570165  	 1.4762536426         0.0945426842         1.3817109584         -1.2071780332        1.2071780332         1.5562438836        
32.5000000000        66590641.0785943050  	 6191584.6014974182  	 1.4780830881         0.0927132387         1.3853698494         -1.2108369242        1.2108369242         1.5599027746        
32.6000000000        71260534.5721681420  	 6496802.4791347096  	 1.4798779599         0.0909183669         1.3889595930         -1.2144266678        1.2144266678         1.5634925182        
32.7000000000        76258278.8865303250  	 6817066.2551688151  	 1.4816388778         0.0891574490         1.3924814289         -1.2179485037        1.2179485037         1.5670143541        
32.8000000000        81606913.6486352240  	 7153117.6261881515  	 1.4833664522         0.0874298746         1.3959365776         -1.2214036524        1.2214036524         1.5704695028        
32.9000000000        87331099.0468409360  	 7505734.8511594497  	 1.4850612837         0.0857350431         1.3993262407         -1.2247933155        1.2247933155         1.5738591659        
33.0000000000        93457229.9117694500  	 7875734.5537921311  	 1.4867239639         0.0840723629         1.4026516010         -1.2281186758        1.2281186758         1.5771845262        
33.1000000000        100013557.8340573300 	 8263973.6137513146  	 1.4883550748         0.0824412520         1.4059138227         -1.2313808975        1.2313808975         1.5804467479        
33.2000000000        107030321.8855831800 	 8671351.1510993037  	 1.4899551891         0.0808411377         1.4091140515         -1.2345811263        1.2345811263         1.5836469767        
33.3000000000        114539888.5507261300 	 9098810.6085613109  	 1.4915248706         0.0792714562         1.4122534145         -1.2377204893        1.2377204893         1.5867863397        
33.4000000000        122576901.5170005700 	 9547341.9364377186  	 1.4930646738         0.0777316530         1.4153330208         -1.2408000956        1.2408000956         1.5898659460        
33.5000000000        131178442.0202227500 	 10017983.8852228930 	 1.4945751442         0.0762211826         1.4183539617         -1.2438210365        1.2438210365         1.5928868869        
33.6000000000        140384200.4884094000 	 10511826.4112400320 	 1.4960568185         0.0747395083         1.4213173102         -1.2467843850        1.2467843850         1.5958502354        
33.7000000000        150236660.2811151700 	 11030013.2008632180 	 1.4975102244         0.0732861024         1.4242241220         -1.2496911968        1.2496911968         1.5987570472        
33.8000000000        160781294.3771295000 	 11573744.3191725090 	 1.4989358811         0.0718604457         1.4270754353         -1.2525425101        1.2525425101         1.6016083605        
33.9000000000        172066775.9236350100 	 12144278.9891760740 	 1.5003342989         0.0704620279         1.4298722710         -1.2553393458        1.2553393458         1.6044051962        
34.0000000000        184145203.6243615700 	 12742938.5080357570 	 1.5017059798         0.0690903470         1.4326156328         -1.2580827076        1.2580827076         1.6071485580        
34.1000000000        197072343.0132491300 	 13371109.3070497200 	 1.5030514173         0.0677449095         1.4353065078         -1.2607735826        1.2607735826         1.6098394330        
34.2000000000        210907884.7339831600 	 14030246.1624787690 	 1.5043710965         0.0664252303         1.4379458662         -1.2634129410        1.2634129410         1.6124787914        
34.3000000000        225715721.0248328700 	 14721875.5646523030 	 1.5056654943         0.0651308325         1.4405346618         -1.2660017366        1.2660017366         1.6150675870        
34.4000000000        241564241.6928678200 	 15447599.2531563340 	 1.5069350795         0.0638612473         1.4430738322         -1.2685409070        1.2685409070         1.6176067574        
34.5000000000        258526650.9522558500 	 16209097.9262907520 	 1.5081803129         0.0626160139         1.4455642990         -1.2710313738        1.2710313738         1.6200972242        
34.6000000000        276681306.5983688800 	 17008135.1333864890 	 1.5094016473         0.0613946795         1.4480069678         -1.2734740426        1.2734740426         1.6225398930        
34.7000000000        296112083.0932997500 	 17846561.3589968120 	 1.5105995278         0.0601967990         1.4504027287         -1.2758698035        1.2758698035         1.6249356539        
34.8000000000        316908760.2496056000 	 18726318.3084212470 	 1.5117743916         0.0590219352         1.4527524563         -1.2782195311        1.2782195311         1.6272853815        
34.9000000000        339167439.3181608300 	 19649443.4044870210 	 1.5129266684         0.0578696584         1.4550570100         -1.2805240848        1.2805240848         1.6295899352        
35.0000000000        362990988.4134756900 	 20618074.5060019980 	 1.5140567805         0.0567395463         1.4573172343         -1.2827843091        1.2827843091         1.6318501595        
35.1000000000        388489519.3463200300 	 21634454.8588065950 	 1.5151651428         0.0556311840         1.4595339587         -1.2850010335        1.2850010335         1.6340668839        
35.2000000000        415780898.0796049200 	 22700938.2908908050 	 1.5162521626         0.0545441642         1.4617079985         -1.2871750733        1.2871750733         1.6362409237        
35.3000000000        444991291.1799202600 	 23819994.6636075900 	 1.5173182405         0.0534780863         1.4638401541         -1.2893072289        1.2893072289         1.6383730793        
35.4000000000        476255750.8046115000 	 24994215.5916071200 	 1.5183637695         0.0524325572         1.4659312123         -1.2913982871        1.2913982871         1.6404641375        
35.5000000000        509718840.9436013100 	 26226320.4447386190 	 1.5193891362         0.0514071906         1.4679819456         -1.2934490204        1.2934490204         1.6425148708        
35.6000000000        545535307.8271517800 	 27519162.6458195300 	 1.5203947198         0.0504016070         1.4699931128         -1.2954601876        1.2954601876         1.6445260380        
35.7000000000        583870797.6163096400 	 28875736.2788570370 	 1.5213808931         0.0494154337         1.4719654593         -1.2974325341        1.2974325341         1.6464983845        
35.8000000000        624902624.7128516400 	 30299183.0230257880 	 1.5223480220         0.0484483048         1.4738997172         -1.2993667920        1.2993667920         1.6484326424        
35.9000000000        668820594.2611675300 	 31792799.4284602220 	 1.5232964660         0.0474998608         1.4757966052         -1.3012636800        1.3012636800         1.6503295304        
36.0000000000        715827882.6667772500 	 33360044.5507114600 	 1.5242265781         0.0465697487         1.4776568293         -1.3031239041        1.3031239041         1.6521897545        
36.1000000000        766141980.2262784200 	 35004547.9615493120 	 1.5251387049         0.0456576219         1.4794810830         -1.3049481578        1.3049481578         1.6540140082        
36.2000000000        819995700.2526801800 	 36730118.1546615810 	 1.5260331868         0.0447631400         1.4812700467         -1.3067371215        1.3067371215         1.6558029719        
36.3000000000        877638259.3896926600 	 38540751.3657173510 	 1.5269103580         0.0438859688         1.4830243891         -1.3084914639        1.3084914639         1.6575573143        
36.4000000000        939336434.1400144100 	 40440640.8272206040 	 1.5277705466         0.0430257802         1.4847447664         -1.3102118412        1.3102118412         1.6592776916        
36.5000000000        1005375798.9875659000 	 42434186.4795873760 	 1.5286140749         0.0421822519         1.4864318231         -1.3118988979        1.3118988979         1.6609647483        
36.6000000000        1076062051.8735983000 	 44526005.1609363110 	 1.5294412592         0.0413550676         1.4880861917         -1.3135532665        1.3135532665         1.6626191169        
36.7000000000        1151722433.1934383000 	 46720941.2991910130 	 1.5302524101         0.0405439167         1.4897084934         -1.3151755682        1.3151755682         1.6642414186        
36.8000000000        1232707244.9162133000 	 49024078.1312560660 	 1.5310478324         0.0397484944         1.4912993380         -1.3167664128        1.3167664128         1.6658322632        
36.9000000000        1319391476.8962650000 	 51440749.4752489920 	 1.5318278255         0.0389685013         1.4928593242         -1.3183263990        1.3183263990         1.6673922494        
37.0000000000        1412176547.9442892000 	 53976552.0830515180 	 1.5325926831         0.0382036436         1.4943890395         -1.3198561143        1.3198561143         1.6689219647        
37.1000000000        1511492169.7608466000 	 56637358.6017871800 	 1.5333426938         0.0374536330         1.4958890608         -1.3213561356        1.3213561356         1.6704219860        
37.2000000000        1617798342.4072945000 	 59429331.1742428470 	 1.5340781406         0.0367181862         1.4973599544         -1.3228270292        1.3228270292         1.6718928796        
37.3000000000        1731587490.6020436000 	 62358935.7097311020 	 1.5347993015         0.0359970253         1.4988022761         -1.3242693509        1.3242693509         1.6733352013        
37.4000000000        1853386750.7862141000 	 65432956.8584433870 	 1.5355064491         0.0352898777         1.5002165714         -1.3256836462        1.3256836462         1.6747494966        
37.5000000000        1983760419.6053264000 	 68658513.7239728420 	 1.5361998513         0.0345964755         1.5016033758         -1.3270704506        1.3270704506         1.6761363010        
37.6000000000        2123312575.2058685000 	 72043076.3503954410 	 1.5368797709         0.0339165559         1.5029632149         -1.3284302897        1.3284302897         1.6774961401        
37.7000000000        2272689883.5509710000 	 75594483.0220915820 	 1.5375464656         0.0332498611         1.5042966045         -1.3297636793        1.3297636793         1.6788295297        
37.8000000000        2432584602.8217473000 	 79320958.4163728650 	 1.5382001888         0.0325961380         1.5056040508         -1.3310711256        1.3310711256         1.6801369760        
37.9000000000        2603737799.8941269000 	 83231132.6509534570 	 1.5388411888         0.0319551380         1.5068860508         -1.3323531256        1.3323531256         1.6814189760        
38.0000000000        2786942793.8695588000 	 87334061.2703779490 	 1.5394697093         0.0313266175         1.5081430919         -1.3336101667        1.3336101667         1.6826760171        
38.1000000000        2983048842.6964097000 	 91639246.2176922860 	 1.5400859898         0.0307103370         1.5093756527         -1.3348427275        1.3348427275         1.6839085779        
38.2000000000        3192965090.0521369000 	 96156657.8399255870 	 1.5406902649         0.0301060619         1.5105842029         -1.3360512777        1.3360512777         1.6851171281        
38.3000000000        3417664790.8697076000 	 100896757.9783456200	 1.5412827650         0.0295135618         1.5117692033         -1.3372362781        1.3372362781         1.6863021285        
38.4000000000        3658189835.1909194000 	 105870524.1969621300	 1.5418637164         0.0289326104         1.5129311060         -1.3383981808        1.3383981808         1.6874640312        
38.5000000000        3915655591.4203196000 	 111089475.2053888300	 1.5424333408         0.0283629860         1.5140703548         -1.3395374296        1.3395374296         1.6886032800        
38.6000000000        4191256091.5427938000 	 116565697.5349406300	 1.5429918560         0.0278044708         1.5151873853         -1.3406544601        1.3406544601         1.6897203105        
38.7000000000        4486269582.4626341000 	 122311873.5297450100	 1.5435394757         0.0272568511         1.5162826246         -1.3417496994        1.3417496994         1.6908155498        
38.8000000000        4802064469.3293371000 	 128341310.7176921800	 1.5440764094         0.0267199174         1.5173564920         -1.3428235668        1.3428235668         1.6918894172        
38.9000000000        5140105678.5436287000 	 134667972.6292436100	 1.5446028628         0.0261934639         1.5184093989         -1.3438764737        1.3438764737         1.6929423241        
39.0000000000        5501961470.0946684000 	 141306511.1354725100	 1.5451190379         0.0256772889         1.5194417490         -1.3449088238        1.3449088238         1.6939746742        
39.1000000000        5889310730.9753532000 	 148272300.3802271500	 1.5456251325         0.0251711943         1.5204539383         -1.3459210131        1.3459210131         1.6949868635        
39.2000000000        6303950783.6667576000 	 155581472.3850006800	 1.5461213411         0.0246749857         1.5214463553         -1.3469134301        1.3469134301         1.6959792805        
39.3000000000        6747805746.0856171000 	 163250954.4089643400	 1.5466078541         0.0241884727         1.5224193815         -1.3478864563        1.3478864563         1.6969523067        
39.4000000000        7222935481.9615622000 	 171298508.1506859100	 1.5470848588         0.0237114680         1.5233733908         -1.3488404656        1.3488404656         1.6979063160        
39.5000000000        7731545183.3655548000 	 179742770.8823203700	 1.5475525385         0.0232437883         1.5243087502         -1.3497758250        1.3497758250         1.6988416754        
39.6000000000        8275995630.0606041000 	 188603298.6115352500	 1.5480110733         0.0227852535         1.5252258198         -1.3506928946        1.3506928946         1.6997587450        
39.7000000000        8858814173.5040112000 	 197900611.3711288000	 1.5484606398         0.0223356870         1.5261249528         -1.3515920276        1.3515920276         1.7006578780        
39.8000000000        9482706496.7120667000 	 207656240.7412273600	 1.5489014113         0.0218949155         1.5270064959         -1.3524735707        1.3524735707         1.7015394211        
39.9000000000        10150569204.8188480000 	 217892779.7141176800	 1.5493335579         0.0214627689         1.5278707890         -1.3533378638        1.3533378638         1.7024037142        
40.0000000000        10865503305.0377730000 	 228633935.0171960900	 1.5497572462         0.0210390806         1.5287181656         -1.3541852404        1.3541852404         1.7032510908        
40.1000000000        11630828638.8856370000 	 239904582.0152091700	 1.5501726399         0.0206236869         1.5295489531         -1.3550160279        1.3550160279         1.7040818783        
40.2000000000        12450099333.9737430000 	 251730822.3189328300	 1.5505798996         0.0202164272         1.5303634724         -1.3558305472        1.3558305472         1.7048963976        
40.3000000000        13327120347.4300020000 	 264140044.2337061200	 1.5509791826         0.0198171442         1.5311620384         -1.3566291132        1.3566291132         1.7056949636        
40.4000000000        14265965178.1116960000 	 277160986.1878117300	 1.5513706434         0.0194256834         1.5319449601         -1.3574120349        1.3574120349         1.7064778853        
40.5000000000        15270994830.2252520000 	 290823803.2875964000	 1.5517544336         0.0190418932         1.5327125405         -1.3581796153        1.3581796153         1.7072454657        
40.6000000000        16346878116.8116150000 	 305160137.1534661100	 1.5521307018         0.0186656250         1.5334650768         -1.3589321516        1.3589321516         1.7079980020        
40.7000000000        17498613397.8118860000 	 320203189.1984885900	 1.5524995938         0.0182967330         1.5342028608         -1.3596699356        1.3596699356         1.7087357860        
40.8000000000        18731551854.1261290000 	 335987797.5193082100	 1.5528612526         0.0179350741         1.5349261785         -1.3603932533        1.3603932533         1.7094591037        
40.9000000000        20051422406.2507400000 	 352550517.5774447900	 1.5532158186         0.0175805082         1.5356353105         -1.3611023853        1.3611023853         1.7101682357        
41.0000000000        21464358393.7597010000 	 369929706.8578258200	 1.5535634294         0.0172328974         1.5363305319         -1.3617976067        1.3617976067         1.7108634571        
41.1000000000        22976926140.1180230000 	 388165613.7006111100	 1.5539042199         0.0168921069         1.5370121130         -1.3624791878        1.3624791878         1.7115450382        
41.2000000000        24596155536.1212960000 	 407300470.5120361400	 1.5542383226         0.0165580042         1.5376803184         -1.3631473932        1.3631473932         1.7122132436        
41.3000000000        26329572784.6828960000 	 427378591.5701394700	 1.5545658674         0.0162304594         1.5383354079         -1.3638024827        1.3638024827         1.7128683331        
41.4000000000        28185235459.7863200000 	 448446475.6518824100	 1.5548869816         0.0159093452         1.5389776364         -1.3644447112        1.3644447112         1.7135105616        
41.5000000000        30171770043.2294040000 	 470552913.7193341900	 1.5552017903         0.0155945365         1.5396072538         -1.3650743286        1.3650743286         1.7141401790        
41.6000000000        32298412114.3623010000 	 493749101.9143115900	 1.5555104160         0.0152859108         1.5402245053         -1.3656915801        1.3656915801         1.7147574305        
41.7000000000        34575049380.4145890000 	 518088760.1231581600	 1.5558129790         0.0149833478         1.5408296313         -1.3662967061        1.3662967061         1.7153625564        
41.8000000000        37012267748.2782210000 	 543628256.3862444200	 1.5561095972         0.0146867296         1.5414228676         -1.3668899424        1.3668899424         1.7159557928        
41.9000000000        39621400652.8228760000 	 570426737.4403096400	 1.5564003862         0.0143959406         1.5420044455         -1.3674715203        1.3674715203         1.7165373707        
42.0000000000        42414581872.0364000000 	 598546265.6959663600	 1.5566854594         0.0141108673         1.5425745921         -1.3680416669        1.3680416669         1.7171075173        
42.1000000000        45404802075.5757830000 	 628051962.9675930700	 1.5569649283         0.0138313985         1.5431335298         -1.3686006046        1.3686006046         1.7176664550        
42.2000000000        48605969370.7599950000 	 659012161.2884789700	 1.5572389018         0.0135574250         1.5436814768         -1.3691485516        1.3691485516         1.7182144020        
42.3000000000        52032974128.7170410000 	 691498561.1604903900	 1.5575074870         0.0132888398         1.5442186473         -1.3696857221        1.3696857221         1.7187515725        
42.4000000000        55701758393.4003450000 	 725586397.6047507500	 1.5577707890         0.0130255378         1.5447452511         -1.3702123259        1.3702123259         1.7192781763        
42.5000000000        59629390197.6088790000 	 761354614.3978879500	 1.5580289105         0.0127674162         1.5452614943         -1.3707285691        1.3707285691         1.7197944195        
42.6000000000        63834143133.0800480000 	 798886046.8973616400	 1.5582819528         0.0125143740         1.5457675788         -1.3712346536        1.3712346536         1.7203005040        
42.7000000000        68335581546.2835080000 	 838267613.8792756800	 1.5585300147         0.0122663121         1.5462637026         -1.3717307774        1.3717307774         1.7207966278        
42.8000000000        73154651757.8406220000 	 879590518.8329495200	 1.5587731934         0.0120231334         1.5467500600         -1.3722171348        1.3722171348         1.7212829852        
42.9000000000        78313779731.6530460000 	 922950461.1784273400	 1.5590115842         0.0117847426         1.5472268416         -1.3726939164        1.3726939164         1.7217597668        
43.0000000000        83836975649.9761660000 	 968447857.8960802600	 1.5592452805         0.0115510463         1.5476942342         -1.3731613090        1.3731613090         1.7222271594        
43.1000000000        89749945882.9593350000 	 1016188076.0815727000	 1.5594743739         0.0113219528         1.5481524211         -1.3736194959        1.3736194959         1.7226853463        
43.2000000000        96080212875.7476650000 	 1066281676.9647664000	 1.5596989544         0.0110973724         1.5486015819         -1.3740686567        1.3740686567         1.7231345071        
43.3000000000        102857243513.2595100000 	 1118844671.9576812000	 1.5599191099         0.0108772169         1.5490418930         -1.3745089678        1.3745089678         1.7235748182        
43.4000000000        110112586562.3956300000 	 1173998791.3244948000	 1.5601349270         0.0106613998         1.5494735272         -1.3749406020        1.3749406020         1.7240064524        
43.5000000000        117880019833.8825700000 	 1231871766.0957913000	 1.5603464904         0.0104498364         1.5498966539         -1.3753637287        1.3753637287         1.7244295791        
43.6000000000        126195707751.4067400000 	 1292597623.8799400000	 1.5605538832         0.0102424436         1.5503114395         -1.3757785143        1.3757785143         1.7248443647        
43.7000000000        135098370064.3665000000 	 1356316999.2566774000	 1.5607571869         0.0100391399         1.5507180470         -1.3761851218        1.3761851218         1.7252509722        
43.8000000000        144629462492.6868300000 	 1423177459.4717221000	 1.5609564816         0.0098398452         1.5511166363         -1.3765837111        1.3765837111         1.7256495615        
43.9000000000        154833370147.9497400000 	 1493333846.1867058000	 1.5611518455         0.0096444813         1.5515073642         -1.3769744390        1.3769744390         1.7260402894        
44.0000000000        165757614634.8522000000 	 1566948634.0758686000	 1.5613433556         0.0094529712         1.5518903844         -1.3773574592        1.3773574592         1.7264233096        
44.1000000000        177453075800.9956400000 	 1644192307.0999959000	 1.5615310872         0.0092652396         1.5522658477         -1.3777329225        1.3777329225         1.7267987729        
44.2000000000        189974229171.5326500000 	 1725243753.3290038000	 1.5617151144         0.0090812124         1.5526339020         -1.3781009768        1.3781009768         1.7271668272        
44.3000000000        203379400178.5723600000 	 1810290679.2275407000	 1.5618955095         0.0089008172         1.5529946923         -1.3784617671        1.3784617671         1.7275276175        
44.4000000000        217731036373.8167100000 	 1899530044.3630459000	 1.5620723438         0.0087239830         1.5533483608         -1.3788154356        1.3788154356         1.7278812860        
44.5000000000        233095998897.0357700000 	 1993168517.5430040000	 1.5622456869         0.0085506399         1.5536950471         -1.3791621219        1.3791621219         1.7282279723        
44.6000000000        249545874563.0835600000 	 2091422955.4377575000	 1.5624156072         0.0083807196         1.5540348877         -1.3795019625        1.3795019625         1.7285678129        
44.7000000000        267157310026.6309500000 	 2194520904.7973194000	 1.5625821718         0.0082141550         1.5543680168         -1.3798350916        1.3798350916         1.7289009420        
44.8000000000        286012369587.0993000000 	 2302701129.4252625000	 1.5627454464         0.0080508804         1.5546945660         -1.3801616408        1.3801616408         1.7292274912        
44.9000000000        306198918306.9013100000 	 2416214163.1301069000	 1.5629054955         0.0078908313         1.5550146642         -1.3804817390        1.3804817390         1.7295475894        
45.0000000000        327811032234.5570100000 	 2535322889.9347730000	 1.5630623823         0.0077339445         1.5553284377         -1.3807955125        1.3807955125         1.7298613629        
45.1000000000        350949437651.0986900000 	 2660303152.8878117000	 1.5632161688         0.0075801580         1.5556360107         -1.3811030855        1.3811030855         1.7301689359        
45.2000000000        375721981394.0155000000 	 2791444392.8863478000	 1.5633669158         0.0074294110         1.5559375047         -1.3814045795        1.3814045795         1.7304704299        
45.3000000000        402244134458.4418900000 	 2929050318.9901810000	 1.5635146829         0.0072816439         1.5562330390         -1.3817001138        1.3817001138         1.7307659642        
45.4000000000        430639531231.0527300000 	 3073439611.7794294000	 1.5636595286         0.0071367982         1.5565227304         -1.3819898052        1.3819898052         1.7310556556        
45.5000000000        461040546878.9198600000 	 3224946661.3846025000	 1.5638015102         0.0069948166         1.5568066936         -1.3822737684        1.3822737684         1.7313396188        
45.6000000000        493588915594.1900000000 	 3383922341.8983150000	 1.5639406839         0.0068556429         1.5570850411         -1.3825521159        1.3825521159         1.7316179663        
45.7000000000        528436392586.7035500000 	 3550734823.9620872000	 1.5640771049         0.0067192219         1.5573578830         -1.3828249578        1.3828249578         1.7318908082        
45.8000000000        565745462921.4798600000 	 3725770427.4101005000	 1.5642108271         0.0065854997         1.5576253274         -1.3830924022        1.3830924022         1.7321582526        
45.9000000000        605690100517.3109100000 	 3909434515.9445395000	 1.5643419036         0.0064544232         1.5578874804         -1.3833545552        1.3833545552         1.7324204056        
46.0000000000        648456580857.5576200000 	 4102152435.9144907000	 1.5644703863         0.0063259405         1.5581444459         -1.3836115207        1.3836115207         1.7326773711        
46.1000000000        694244351215.7351100000 	 4304370501.3725090000	 1.5645963263         0.0062000005         1.5583963257         -1.3838634005        1.3838634005         1.7329292509        
46.2000000000        743266962467.7769800000 	 4516557027.6901417000	 1.5647197733         0.0060765535         1.5586432199         -1.3841102947        1.3841102947         1.7331761451        
46.3000000000        795753066851.2644000000 	 4739203416.1261454000	 1.5648407765         0.0059555503         1.5588852263         -1.3843523011        1.3843523011         1.7334181515        
46.4000000000        851947486340.7157000000 	 4972825291.8591509000	 1.5649593839         0.0058369429         1.5591224410         -1.3845895158        1.3845895158         1.7336553662        
46.5000000000        912112356638.7397500000 	 5217963698.1203232000	 1.5650756426         0.0057206842         1.5593549583         -1.3848220331        1.3848220331         1.7338878835        
46.6000000000        976528352136.9824200000 	 5475186349.1915121000	 1.5651895987         0.0056067281         1.5595828705         -1.3850499453        1.3850499453         1.7341157957        
46.7000000000        1045495997580.0212000000 	 5745088945.1706963000	 1.5653012975         0.0054950293         1.5598062682         -1.3852733430        1.3852733430         1.7343391934        
46.8000000000        1119337072571.4509000000 	 6028296551.5495844000	 1.5654107835         0.0053855433         1.5600252402         -1.3854923150        1.3854923150         1.7345581654        
46.9000000000        1198396115496.2754000000 	 6325465046.7983084000	 1.5655181002         0.0052782266         1.5602398735         -1.3857069483        1.3857069483         1.7347727987        
47.0000000000        1283042033899.3955000000 	 6637282641.3096924000	 1.5656232902         0.0051730366         1.5604502535         -1.3859173283        1.3859173283         1.7349831787        
47.1000000000        1373669828858.6667000000 	 6964471471.2207680000	 1.5657263954         0.0050699314         1.5606564640         -1.3861235388        1.3861235388         1.7351893892        
47.2000000000        1470702441425.0122000000 	 7307789270.8026991000	 1.5658274569         0.0049688699         1.5608585869         -1.3863256617        1.3863256617         1.7353915121        
47.3000000000        1574592729773.9397000000 	 7668031127.2921562000	 1.5659265148         0.0048698120         1.5610567029         -1.3865237777        1.3865237777         1.7355896281        
47.4000000000        1685825586325.1890000000 	 8046031322.2281618000	 1.5660236087         0.0047727181         1.5612508907         -1.3867179655        1.3867179655         1.7357838159        
47.5000000000        1804920204743.0188000000 	 8442665263.5587416000	 1.5661187772         0.0046775495         1.5614412277         -1.3869083025        1.3869083025         1.7359741529        
47.6000000000        1932432507431.8958000000 	 8858851512.9919262000	 1.5662120583         0.0045842685         1.5616277898         -1.3870948646        1.3870948646         1.7361607150        
47.7000000000        2068957744894.3704000000 	 9295553913.2862511000	 1.5663034891         0.0044928377         1.5618106514         -1.3872777262        1.3872777262         1.7363435766        
47.8000000000        2215133279123.2402000000 	 9753783820.4072933000	 1.5663931061         0.0044032207         1.5619898853         -1.3874569601        1.3874569601         1.7365228105        
47.9000000000        2371641564062.4990000000 	 10234602445.7197340000	 1.5664809450         0.0043153818         1.5621655631         -1.3876326379        1.3876326379         1.7366984883        
48.0000000000        2539213337095.0786000000 	 10739123313.6391560000	 1.5665670408         0.0042292859         1.5623377549         -1.3878048297        1.3878048297         1.7368706801        
48.1000000000        2718631036504.3628000000 	 11268514840.4352800000	 1.5666514281         0.0041448987         1.5625065294         -1.3879736042        1.3879736042         1.7370394546        
48.2000000000        2910732460915.5146000000 	 11824003040.1588500000	 1.5667341403         0.0040621865         1.5626719539         -1.3881390287        1.3881390287         1.7372048791        
48.3000000000        3116414687856.7866000000 	 12406874363.9587960000	 1.5668152107         0.0039811161         1.5628340945         -1.3883011693        1.3883011693         1.7373670197        
48.4000000000        3336638269795.5024000000 	 13018478679.3652550000	 1.5668946714         0.0039016554         1.5629930161         -1.3884600909        1.3884600909         1.7375259413        
48.5000000000        3572431727303.9795000000 	 13660232396.4381370000	 1.5669725544         0.0038237724         1.5631487820         -1.3886158568        1.3886158568         1.7376817072        
48.6000000000        3824896360403.4922000000 	 14333621748.0210360000	 1.5670488907         0.0037474361         1.5633014546         -1.3887685294        1.3887685294         1.7378343798        
48.7000000000        4095211400625.8560000000 	 15040206231.6972580000	 1.5671237109         0.0036726159         1.5634510949         -1.3889181697        1.3889181697         1.7379840201        
48.8000000000        4384639527929.4609000000 	 15781622221.4191110000	 1.5671970448         0.0035992820         1.5635977628         -1.3890648376        1.3890648376         1.7381306880        
48.9000000000        4694532778317.0947000000 	 16559586757.1746440000	 1.5672689219         0.0035274049         1.5637415169         -1.3892085917        1.3892085917         1.7382744421        
49.0000000000        5026338869834.5566000000 	 17375901521.4682730000	 1.5673393708         0.0034569560         1.5638824148         -1.3893494896        1.3893494896         1.7384153400        
49.1000000000        5381607976590.6748000000 	 18232457011.8244090000	 1.5674084198         0.0033879070         1.5640205128         -1.3894875876        1.3894875876         1.7385534380        
49.2000000000        5761999982539.9609000000 	 19131236918.9771500000	 1.5674760965         0.0033202302         1.5641558663         -1.3896229411        1.3896229411         1.7386887915        
49.3000000000        6169292249018.7041000000 	 20074322720.8854680000	 1.5675424281         0.0032538987         1.5642885294         -1.3897556042        1.3897556042         1.7388214546        
49.4000000000        6605387932434.2900000000 	 21063898503.2131310000	 1.5676074411         0.0031888857         1.5644185554         -1.3898856302        1.3898856302         1.7389514806        
49.5000000000        7072324891087.4072000000 	 22102256017.4370570000	 1.5676711615         0.0031251653         1.5645459963         -1.3900130711        1.3900130711         1.7390789215        
49.6000000000        7572285222869.5029000000 	 23191799988.2981990000	 1.5677336150         0.0030627118         1.5646709032         -1.3901379780        1.3901379780         1.7392038283        
49.7000000000        8107605478536.4287000000 	 24335053682.8863330000	 1.5677948265         0.0030015003         1.5647933261         -1.3902604009        1.3902604009         1.7393262513        
49.8000000000        8680787598427.6240000000 	 25534664754.2562980000	 1.5678548205         0.0029415063         1.5649133143         -1.3903803891        1.3903803891         1.7394462395        
49.9000000000        9294510623893.1426000000 	 26793411373.1087610000	 1.5679136213         0.0028827055         1.5650309157         -1.3904979905        1.3904979905         1.7395638409        
