10 3 6 7 6
20 6 19 27 18
30 9 35 58 32
40 14 54 88 47
50 17 74 133 61
60 21 97 183 76
70 24 122 242 97
80 28 153 308 120
90 32 187 392 161
100 35 266 475 156
110 38 256 552 173
120 42 296 649 205
130 46 338 752 230
140 49 384 865 250
150 53 429 983 268
160 56 479 1119 323
170 60 532 1244 320
180 64 589 1390 356
190 67 649 1537 365
200 71 713 1705 421
210 74 776 1878 441
220 80 840 2031 456
230 80 909 2211 480
240 84 980 2429 575
250 88 1065 2608 541
260 90 1133 2806 612
270 96 1214 3040 607
280 100 1311 3266 716
290 103 1399 3500 726
300 107 1487 3763 733
310 111 1578 4012 752
320 114 1666 4212 921
330 117 1769 4494 838
340 120 1860 4745 896
350 125 1974 5023 864
360 128 2064 5324 1006
370 131 2175 5615 1008
380 134 2300 5969 1049
390 140 2429 6330 1088
400 149 2538 6568 1253
410 146 2640 6863 1127
420 148 2766 7230 1249
430 152 2891 7618 1185
440 158 3065 7993 1366
450 161 3157 8378 1434
460 164 3293 8718 1397
470 168 3431 9114 1376
480 171 3575 9548 1720
490 175 3707 9928 1598
500 179 3937 10354 1604